x1 = 1320740.7581367928;
x2 = 1320744.5282377568;
x3 = 1320748.298337715;
x_diff1 = x1 - x2;
x_diff2 = x2 - x3;
y1 = -4320218.047290398;
y2 = -4320216.894725013;
y3 = -4320215.742156338;
y_diff1 = y1 - y2;
y_diff2 = y2 - y3;


